1000
97 76 47
32 27 27
12 8 16
65 89 98
31 10 68
70 25 2
23 24 41
49 42 78
21 94 36
86 23 47
28 95 81
16 66 92
88 76 98
69 25 52
90 67 82
4 95 82
100 31 47
92 33 47
29 37 5
57 76 70
90 70 34
17 81 100
37 33 18
45 19 56
47 1 94
58 20 22
91 54 60
63 38 11
48 38 28
96 44 13
52 39 2
86 25 64
98 13 29
98 4 46
12 59 63
79 88 11
58 58 81
69 44 38
0 27 62
23 7 57
78 100 69
44 5 97
30 15 68
91 10 57
80 5 56
46 13 67
17 63 22
100 61 33
27 69 53
43 82 18
98 28 93
23 74 80
59 43 87
3 98 22
29 21 89
5 47 66
3 75 98
43 58 83
100 64 45
57 85 91
24 89 95
71 52 15
24 26 19
32 98 7
50 65 61
78 31 43
42 93 80
15 81 30
34 14 7
80 46 30
100 18 7
54 8 62
84 71 12
55 36 81
98 96 13
35 68 35
41 35 64
60 83 20
68 63 40
14 63 94
96 55 72
86 22 44
30 25 5
48 100 27
83 45 78
56 56 52
26 26 94
97 96 54
61 58 61
71 59 9
99 97 98
46 71 15
37 13 100
17 89 70
96 28 17
99 8 69
35 72 76
79 70 92
18 22 25
10 72 100
36 54 38
48 69 67
84 90 42
8 61 41
0 44 99
34 74 94
55 12 25
81 69 83
59 72 79
49 11 58
54 83 44
81 13 32
9 77 77
49 73 97
76 84 67
60 2 68
24 29 11
31 90 6
45 94 28
7 84 22
67 12 75
66 92 12
26 54 1
100 84 72
91 10 23
15 29 66
56 65 95
34 10 100
23 3 100
80 70 89
47 92 81
82 32 14
51 66 33
79 40 83
37 62 67
88 7 40
99 13 4
82 97 70
96 33 27
31 43 35
0 55 55
22 45 39
3 40 45
67 3 26
99 92 73
4 25 17
80 94 17
20 71 63
85 96 27
37 26 33
16 66 96
61 29 41
41 67 73
7 55 85
10 55 27
25 43 87
44 71 96
56 22 38
38 42 11
4 87 25
88 5 55
37 87 64
47 25 9
12 72 83
93 79 38
71 87 7
81 45 30
57 75 37
86 15 32
69 74 98
98 42 24
32 60 75
95 52 21
21 89 97
33 24 78
1 13 64
50 66 61
53 5 47
15 87 67
25 65 34
31 8 81
18 18 95
50 91 58
61 65 100
87 57 12
70 91 100
94 29 22
43 47 33
0 32 79
6 74 68
95 61 13
70 70 72
87 37 39
44 31 91
6 45 79
76 10 62
100 26 16
48 48 69
63 93 100
66 16 67
55 68 37
79 69 11
13 62 69
42 25 39
37 65 24
42 65 78
60 29 94
91 47 20
59 89 41
71 76 48
36 64 15
53 97 9
87 21 91
100 17 30
73 29 39
75 30 25
88 27 3
3 19 75
55 71 19
1 7 59
78 22 46
15 90 92
11 60 98
88 58 41
54 13 86
31 80 31
12 3 26
4 79 33
75 56 53
4 11 83
67 14 93
23 17 75
22 42 25
51 39 32
52 44 12
63 73 6
85 33 65
19 13 36
95 82 27
31 46 91
4 47 5
9 70 2
61 11 30
68 76 65
55 71 46
38 92 85
40 87 59
9 100 8
7 52 70
54 84 77
86 75 33
12 25 45
38 13 25
24 60 67
8 47 90
30 83 16
7 13 7
53 46 81
17 75 28
41 54 55
51 57 31
16 10 4
70 35 40
41 48 10
14 65 87
14 33 90
54 53 91
65 69 32
3 38 18
39 85 37
100 84 31
34 9 32
16 39 79
47 66 68
68 47 78
86 14 22
13 68 39
99 77 4
51 52 94
31 86 25
79 46 84
8 13 21
13 28 46
3 66 73
82 98 10
16 11 38
36 17 39
12 83 57
92 80 87
8 64 34
77 67 94
28 37 95
16 93 89
81 8 37
100 97 2
57 38 52
92 82 14
52 37 89
19 32 69
41 98 74
78 28 15
4 1 83
43 97 35
77 23 24
73 67 79
99 41 62
23 34 79
71 81 41
52 72 19
29 42 62
14 30 25
75 40 70
34 78 66
92 3 36
71 75 75
49 97 30
74 35 78
82 94 57
86 92 88
5 19 45
8 67 44
4 64 27
12 55 55
67 60 99
22 64 65
72 15 93
79 100 64
95 85 18
31 83 25
15 70 53
66 68 37
58 91 89
24 98 37
2 59 23
84 1 80
31 3 8
2 21 41
23 7 39
65 70 12
35 16 42
5 95 26
17 46 54
46 83 61
85 71 33
83 89 31
25 25 97
44 35 57
47 2 34
90 58 66
77 31 9
19 87 86
16 43 68
20 39 43
54 28 35
77 28 9
77 89 75
25 2 9
27 39 58
0 54 4
99 62 71
0 53 42
68 88 23
93 5 46
65 19 26
19 80 12
100 87 47
57 27 68
8 92 17
3 96 47
88 45 37
54 6 54
35 62 33
56 91 37
41 5 75
73 4 82
52 27 3
21 52 78
68 55 29
81 64 71
49 34 10
16 74 2
19 67 40
4 78 15
59 30 79
96 67 6
55 58 79
54 99 95
53 100 79
96 23 25
26 2 42
1 23 28
25 76 48
46 38 10
75 12 4
98 80 87
45 3 87
53 6 61
23 76 96
29 90 66
84 32 46
69 26 21
45 58 69
22 54 16
21 60 67
52 29 5
69 18 21
67 53 15
12 85 59
75 9 23
28 89 30
22 21 46
72 82 11
6 54 76
92 10 71
29 23 13
73 93 3
23 70 19
28 1 34
100 45 18
77 97 48
28 53 36
23 21 97
26 92 27
21 28 21
5 20 37
15 74 4
55 94 1
78 28 94
90 47 68
72 40 83
20 60 5
37 87 8
93 68 55
61 85 22
6 90 18
17 53 33
80 65 25
15 14 85
74 3 72
56 84 29
24 1 68
84 48 1
62 46 1
5 77 17
79 94 60
21 88 44
81 38 43
36 87 6
93 6 84
7 13 96
19 77 72
76 82 99
52 71 98
77 83 32
70 57 74
19 95 1
11 99 92
100 89 96
30 41 28
93 26 48
74 24 4
0 20 21
91 41 56
2 72 59
73 66 59
46 13 25
55 2 71
57 59 38
75 71 84
4 90 64
81 64 70
28 100 1
30 44 90
2 42 20
8 90 85
93 85 66
41 97 37
12 7 78
85 93 63
67 7 97
100 98 41
34 68 35
63 47 47
52 33 14
84 63 23
52 56 84
23 60 91
60 86 100
22 41 17
37 17 62
97 7 12
59 78 24
34 72 48
73 5 80
40 29 19
2 94 46
57 75 18
53 77 48
57 92 78
95 62 96
56 61 7
67 43 16
93 92 92
11 10 80
35 99 22
13 17 1
13 15 75
13 9 38
83 77 15
0 65 91
79 87 63
10 38 38
44 26 6
85 73 70
94 54 91
10 86 69
36 98 30
52 79 95
100 76 79
17 43 82
77 89 85
40 79 88
39 62 100
100 1 1
3 22 39
79 6 20
28 58 46
47 53 21
62 67 78
43 19 26
74 83 52
77 46 98
62 24 38
94 30 5
13 35 36
61 55 7
7 29 86
75 46 17
28 13 37
41 85 26
53 28 74
42 73 40
13 62 100
26 57 61
84 95 42
11 99 88
60 5 38
50 27 13
71 28 4
79 6 30
96 46 59
100 55 38
47 88 38
57 41 42
32 68 96
84 58 8
91 63 31
86 82 81
11 69 57
73 81 29
98 83 39
74 13 7
35 55 45
25 74 22
61 53 3
3 83 27
79 4 33
13 55 55
76 87 22
83 41 63
21 81 30
11 45 87
85 67 94
20 24 95
11 92 53
90 14 81
87 20 40
4 62 87
5 92 68
33 35 34
29 35 24
50 20 90
30 57 67
57 28 81
60 52 78
72 98 89
62 90 75
52 91 16
53 85 73
96 2 72
84 93 54
1 42 57
76 86 17
89 80 24
94 30 67
84 58 56
14 60 30
4 17 11
84 98 55
98 85 64
49 60 88
24 64 84
77 41 62
99 60 89
30 86 56
7 78 53
34 78 21
13 66 1
46 26 68
18 66 28
100 6 94
97 61 94
85 9 98
99 70 86
38 13 28
41 88 72
17 8 18
70 72 24
19 54 59
72 73 82
100 60 84
75 96 31
10 36 76
66 19 66
95 29 87
66 69 9
24 24 77
90 63 36
45 4 63
10 22 55
27 56 28
95 44 79
7 29 92
49 43 41
95 22 15
38 96 19
42 93 63
53 86 23
87 47 83
63 97 5
33 56 65
91 77 63
14 81 78
60 87 90
74 32 16
95 88 7
20 28 98
95 53 33
28 11 21
87 70 20
82 89 7
67 10 77
32 43 54
94 73 33
66 96 69
27 5 38
16 5 23
53 66 72
66 89 30
21 63 84
98 41 60
15 81 62
56 92 59
76 5 76
87 66 72
57 71 100
52 68 11
60 38 13
68 82 88
95 21 59
38 2 57
59 22 76
2 47 93
67 89 59
80 66 44
60 57 42
43 48 99
64 38 29
95 59 36
30 61 23
63 18 95
73 79 96
51 61 95
89 86 90
61 38 36
39 81 80
82 56 91
10 33 56
49 48 55
53 80 34
5 66 37
6 12 13
91 96 80
78 92 39
37 59 59
54 12 86
42 4 54
58 27 76
68 85 59
54 18 72
39 5 38
22 61 99
85 12 5
0 2 42
46 65 73
54 72 3
44 52 32
34 16 89
97 44 60
37 43 86
91 5 25
92 67 54
96 23 79
48 52 2
46 25 23
61 6 25
41 58 27
59 83 100
55 94 47
5 77 3
100 91 18
41 31 52
57 64 92
21 53 4
74 9 58
69 77 100
1 69 27
38 18 100
95 23 15
20 41 6
7 38 80
25 68 86
13 9 61
65 83 43
13 21 19
80 80 99
91 83 54
42 8 52
74 73 98
21 66 14
85 55 91
70 35 42
84 38 75
34 29 29
35 73 75
30 5 55
56 35 42
75 83 75
22 75 38
87 40 57
55 37 9
100 91 95
6 36 66
13 45 52
65 42 19
0 68 90
75 97 39
67 60 11
10 34 81
77 75 53
100 35 40
53 90 67
25 61 69
16 58 27
62 18 5
32 46 61
38 10 22
67 94 53
66 15 25
47 85 3
22 15 99
63 42 23
15 19 12
70 29 55
81 38 96
36 42 44
99 3 95
61 88 67
80 25 64
24 8 15
22 34 52
18 13 17
27 61 19
20 73 91
84 24 17
32 74 85
83 81 21
6 33 77
57 61 15
67 43 20
66 26 38
4 80 61
7 62 58
18 57 73
10 37 85
6 57 10
33 55 85
58 85 42
17 24 45
65 46 89
97 82 93
7 79 5
53 48 15
16 86 46
66 17 16
31 9 97
86 89 75
27 63 72
88 40 84
2 1 3
81 4 75
27 81 7
57 53 73
79 74 13
11 32 65
16 81 32
15 48 19
24 84 57
25 85 66
78 21 43
8 31 78
35 81 8
32 14 83
98 29 77
48 77 79
27 6 1
88 17 98
34 38 11
36 69 53
76 85 40
22 97 31
31 20 6
9 72 95
19 8 1
42 67 86
78 84 95
41 87 80
91 74 34
79 29 41
31 37 19
23 66 83
16 86 48
39 62 18
68 94 26
92 7 98
18 75 8
75 37 68
29 16 45
71 75 25
37 24 17
29 25 59
43 89 76
47 39 84
17 2 33
100 66 13
30 64 33
56 83 72
93 28 75
35 57 4
36 4 21
90 48 65
89 21 73
65 34 26
33 39 73
64 85 30
79 8 72
84 18 41
14 89 2
41 20 71
32 15 55
10 5 43
75 97 59
11 45 47
77 21 90
36 67 58
52 23 15
4 86 31
75 18 15
42 58 87
95 33 26
87 22 56
64 70 73
9 67 98
99 99 99
33 29 79
98 87 25
16 97 9
60 100 78
94 6 97
52 71 59
48 100 7
62 17 11
87 5 14
90 37 82
65 77 89
42 91 58
10 55 4
77 91 2
55 65 61
16 20 13
96 100 18
54 73 68
95 95 17
23 36 86
23 35 44
51 22 21
4 47 1
73 32 97
99 95 91
16 48 34
33 36 11
36 98 27
81 88 84
2 98 62
43 81 99
59 75 32
10 87 38
53 3 4
93 40 71
5 5 86
14 36 81
76 45 72
51 7 31
50 58 100
6 37 12
99 8 47
64 82 82
13 64 42
13 64 55
35 87 31
6 74 32
97 69 86
60 34 72
14 59 83
16 96 54
82 42 37
5 36 8
61 34 14
11 73 54
76 7 28
10 19 4
4 84 60
11 30 40
34 21 80
97 10 91
57 14 13
91 65 22
6 56 93
73 60 73
67 5 11
87 78 17
33 84 61
41 9 44
30 94 18
85 16 71
1 90 31
59 19 85
55 48 15
38 18 74
41 26 27
47 66 45
56 57 34
32 47 87
43 54 4
72 45 65
57 58 89
18 61 15
31 47 82
10 28 72
90 69 64
54 69 77
1 52 5
14 12 58
58 63 62
18 56 55
42 33 100
94 62 11
4 92 13
24 66 29
8 7 32
34 27 91
58 90 100
61 12 61
19 15 33
14 58 26
77 83 58
64 25 83
36 12 28
51 65 58
96 31 25
82 65 54
28 44 77
74 86 76
96 80 66
94 13 95
84 90 1
100 90 10
63 4 15
80 60 28
62 17 79
